21
139
159
168
229
257
303
348
359
412
460
519
520
576
577
714
715
798
799
850
851
864
867
868
869
873
884
885
886
888
903
914
917
922
931
939
951
959
965
973
979
987
993
998
1009
1014
1028
1033
1046
1054
1064
1069
1073
1078
1088
1089
1090
1092
1104
1109
1113
1121
1125
1137
1141
1149
1154
1159
1165
1172
1180
1191
1215
1223
1261
1266
1272
1279
1287
1298
1317
1325
1352
1357
1363
1370
1377
1385
1409
1410
1411
1413
1426
1431
1435
1443
1447
1452
1458
1465
1472
1480
1531
1540
1562
1567
1571
1577
1582
1590
1653
1658
1672
1677
1688
1696
1743
1746
1876
1877
2269
2270
2634
3105
3121
